0.00000	537.27411	809.78760	1990.67004
1.00000	248.30717	288.89731	773.73035
2.00000	224.56120	233.40810	645.19159
3.00000	198.90244	215.07793	535.53436
4.00000	207.04430	207.16971	446.81564
5.00000	188.96739	199.61728	384.24771
6.00000	176.35800	195.39952	344.73090
7.00000	171.57289	189.75034	311.02924
8.00000	165.77492	182.95874	285.65292
9.00000	161.95166	178.57481	263.43906
10.00000	153.26466	179.73764	248.77081
11.00000	155.01056	168.36087	236.32510
12.00000	157.18987	166.32191	229.82043
13.00000	147.72369	167.32230	224.12285
14.00000	145.76012	160.72723	218.71017
15.00000	154.27000	156.24550	215.30966
16.00000	139.74809	156.32878	211.56157
17.00000	138.22833	152.40553	209.00533
18.00000	134.45618	149.21536	207.39442
19.00000	133.12044	149.35646	205.31914
20.00000	132.82124	144.13916	204.08296
21.00000	128.27110	144.41216	201.38448
22.00000	127.09666	140.61545	200.57581
23.00000	128.52281	140.26079	199.07814
24.00000	125.30193	141.43982	196.18207
25.00000	125.59711	135.35999	195.13701
26.00000	122.03696	134.47702	194.10954
27.00000	122.74705	133.86047	193.19910
28.00000	119.38448	130.38303	192.30247
29.00000	116.66822	127.95976	190.88947
30.00000	118.46005	125.11954	188.15622
31.00000	115.20615	126.86763	188.34430
32.00000	115.46146	124.56392	188.74704
33.00000	110.43316	124.14136	187.88458
34.00000	112.44794	122.44788	187.05049
35.00000	107.42245	117.89264	186.73956
36.00000	107.40382	115.68591	183.76262
37.00000	105.90410	117.72751	183.08307
38.00000	109.63327	113.42218	181.23787
39.00000	103.55753	112.10994	180.56100
40.00000	106.74776	108.87955	179.82874
41.00000	102.10851	106.02831	179.85690
42.00000	103.51942	106.35692	178.17465
43.00000	100.59659	103.23888	177.60609
44.00000	98.16871	109.81676	178.23235
45.00000	94.91406	101.79517	177.52100
46.00000	96.02076	102.12743	177.77626
47.00000	95.89606	100.04469	175.06273
48.00000	97.97548	98.57144	173.90091
49.00000	97.89937	97.46112	174.74791
50.00000	95.31000	97.54324	172.78062
51.00000	91.53454	95.39680	172.85709
52.00000	93.64423	92.02372	171.59401
53.00000	93.91256	92.80701	170.62958
54.00000	92.19057	92.68847	169.92854
55.00000	98.47749	90.82514	168.88501
56.00000	90.68300	87.99865	168.24693
57.00000	88.89833	88.57768	168.79665
58.00000	88.11867	86.42915	166.74234
59.00000	86.06554	89.13540	165.31865
60.00000	89.12607	87.71711	166.14098
61.00000	85.92132	84.75386	163.92702
62.00000	88.31570	84.75034	165.07809
63.00000	91.72837	87.80377	164.85568
64.00000	87.55029	84.94987	164.37086
65.00000	98.88647	83.83411	161.98067
66.00000	89.08266	84.18094	161.05933
67.00000	100.63106	86.53612	161.29587
68.00000	88.96780	83.92522	160.52454
69.00000	84.81759	83.90205	159.06711
70.00000	84.86488	84.40924	158.28625
71.00000	85.33552	80.56098	158.07448
72.00000	85.62156	78.43951	156.58293
73.00000	91.10108	79.14706	158.15726
74.00000	84.98898	78.04549	156.67325
75.00000	82.64993	79.00060	155.02463
76.00000	83.51550	79.97871	154.74910
77.00000	83.98311	77.84606	153.67287
78.00000	81.89536	77.27031	152.68280
79.00000	80.25960	77.90572	153.02800
80.00000	80.28146	77.04234	153.32881
81.00000	80.73157	75.62671	151.26540
82.00000	80.62622	74.89946	150.61253
83.00000	81.08353	76.87540	150.48199
84.00000	81.68072	75.61071	150.13846
85.00000	83.06864	75.79689	149.25182
86.00000	79.29404	74.26478	147.45992
87.00000	78.07018	74.30612	148.19185
88.00000	78.02811	74.72372	146.65645
89.00000	79.44382	74.41035	145.45493
90.00000	83.83137	74.39922	146.37985
91.00000	79.12865	72.25887	145.03754
92.00000	76.48440	73.97018	145.17523
93.00000	77.87473	73.40044	143.30180
94.00000	78.96429	76.52183	143.05490
95.00000	76.70693	72.20686	142.39455
96.00000	76.07359	72.72238	141.48869
97.00000	77.85699	70.87363	141.22997
98.00000	73.87009	72.37077	140.80356
99.00000	78.99431	75.54772	140.04738
100.00000	74.50191	71.36265	138.48653
101.00000	74.81181	72.68720	138.98927
102.00000	76.01295	71.71787	137.83598
103.00000	74.27214	71.88439	136.76254
104.00000	78.62323	71.01356	137.15710
105.00000	75.04759	69.16930	138.87526
106.00000	73.65932	68.75727	135.88016
107.00000	73.64666	69.11984	135.28134
108.00000	73.54276	69.17342	135.65286
109.00000	77.57182	70.35852	134.13870
110.00000	73.56199	68.83131	133.17734
111.00000	73.70819	70.03994	134.36006
112.00000	72.57909	70.00744	132.19008
113.00000	71.11876	69.30213	131.07921
114.00000	72.30731	69.91595	131.43535
115.00000	72.50589	67.94329	132.28096
116.00000	71.72969	68.06945	131.63094
117.00000	73.40698	68.71577	131.19504
118.00000	73.77549	66.92680	129.44652
119.00000	71.49890	68.28149	128.18387
120.00000	74.82099	67.48681	130.16940
121.00000	73.12709	67.51224	128.57533
122.00000	72.12042	66.86048	127.65195
123.00000	74.35099	66.59035	129.47972
124.00000	72.46564	66.68080	127.62418
125.00000	72.48473	65.43665	126.72921
126.00000	71.98392	65.50339	126.96386
127.00000	69.69130	67.97741	126.27476
128.00000	71.03346	67.67541	125.42039
129.00000	69.81331	65.89120	124.82321
130.00000	70.41147	67.47308	125.46548
131.00000	71.39777	64.19058	123.91937
132.00000	71.74926	64.76395	123.56010
133.00000	71.08550	65.39133	123.95454
134.00000	69.92314	65.21739	123.18535
135.00000	69.79495	66.28619	122.73321
136.00000	70.04382	65.50063	121.36654
137.00000	69.76926	65.80507	122.73842
138.00000	72.70428	64.01679	122.35098
139.00000	70.37377	63.47400	121.29005
140.00000	67.36310	63.79658	121.34739
141.00000	69.72634	63.72536	120.44793
142.00000	68.30040	66.76057	118.92374
143.00000	67.65435	62.79893	119.57973
144.00000	70.40679	63.87462	120.00982
145.00000	69.57999	64.91819	118.99292
146.00000	95.68478	61.85816	119.01689
147.00000	70.98341	63.33160	117.72613
148.00000	68.53262	65.09218	117.39640
149.00000	69.01719	62.75922	116.91405
150.00000	69.99612	64.69955	117.26719
151.00000	68.41614	61.29507	119.92515
152.00000	68.57172	61.76063	116.66956
153.00000	69.17448	63.95504	115.29137
154.00000	69.05361	61.37462	115.76483
155.00000	67.52270	62.20585	114.75933
156.00000	66.99672	60.75961	115.53713
157.00000	66.33723	62.49474	114.93401
158.00000	66.03130	61.72204	114.72241
159.00000	67.14909	62.60797	114.35308
160.00000	68.30360	61.34827	113.29604
161.00000	70.77937	61.16856	112.83453
162.00000	73.89087	62.46885	113.95295
163.00000	68.74310	63.57362	112.30789
164.00000	69.09975	65.11867	111.56374
165.00000	66.79928	60.69520	115.16454
166.00000	64.63850	59.84192	111.95672
167.00000	68.50323	59.72501	111.22583
168.00000	65.82129	59.91965	111.68862
169.00000	65.35455	60.44369	111.18887
170.00000	66.51936	61.17912	110.14398
171.00000	67.46888	60.96470	109.72023
172.00000	66.66727	59.48755	110.80947
173.00000	67.19569	60.80468	109.66805
174.00000	66.00954	59.39603	108.14391
175.00000	65.34314	60.88100	108.33203
176.00000	65.54659	59.11441	108.44745
177.00000	67.10897	60.64497	109.18582
178.00000	65.68105	59.54567	107.01054
179.00000	68.16592	60.35070	108.45895
180.00000	64.89175	59.00243	106.85598
181.00000	65.49969	59.10416	105.88162
182.00000	65.22694	58.32317	105.79638
183.00000	65.40855	58.96148	108.94450
184.00000	66.16920	58.20948	106.06477
185.00000	64.06195	58.28875	105.79224
186.00000	64.75647	59.13565	104.99261
187.00000	66.01717	59.14079	105.18784
188.00000	63.13408	59.09837	105.34890
189.00000	64.74900	58.15762	104.15086
190.00000	62.74598	57.12409	105.18636
191.00000	64.53346	58.03427	103.60453
192.00000	63.70285	57.77129	103.98814
193.00000	63.62194	60.26868	103.58016
194.00000	64.25966	59.89992	104.79560
195.00000	65.04585	58.74678	103.06602
196.00000	64.46008	57.63890	103.18824
197.00000	64.85426	57.85152	102.42711
198.00000	65.05328	56.45249	101.52444
199.00000	63.91368	57.78965	102.24845
200.00000	65.11141	58.59502	100.89052
201.00000	63.36276	58.95382	100.00480
202.00000	65.68246	57.57982	100.10802
203.00000	64.01369	58.00962	102.32111
204.00000	64.46526	58.85295	101.45122
205.00000	61.16975	55.70734	101.55508
206.00000	63.22116	56.13124	99.20225
207.00000	63.00790	56.40856	100.25262
208.00000	61.22539	56.82404	99.60141
209.00000	66.00140	56.32201	100.51730
210.00000	65.02101	57.47412	98.40720
211.00000	60.96619	56.24298	99.45098
212.00000	62.20792	58.67459	97.39761
213.00000	66.19213	56.61887	98.65530
214.00000	63.01243	54.38801	98.75288
215.00000	61.63204	57.15160	98.48104
216.00000	60.70056	56.04136	98.71471
217.00000	61.35490	57.83498	97.22519
218.00000	62.47191	56.74994	97.01785
219.00000	63.15224	55.11858	97.08939
220.00000	61.98491	56.55880	97.86250
221.00000	61.31071	54.78324	96.96389
222.00000	63.43121	56.24874	96.90746
223.00000	63.39764	56.34846	95.56604
224.00000	63.51293	55.78112	95.97630
225.00000	62.98695	55.72519	95.78407
226.00000	61.66626	54.86949	96.41442
227.00000	61.96617	53.80966	96.31699
228.00000	62.39642	55.02863	96.24064
229.00000	63.44848	55.80816	94.60699
230.00000	66.37618	55.71809	95.91106
231.00000	59.61102	54.74977	94.53969
232.00000	63.51542	53.71880	95.18352
233.00000	64.21585	54.39236	94.41262
234.00000	60.88353	54.13101	94.47665
235.00000	61.75763	54.43176	93.13386
236.00000	63.24976	54.60582	92.83739
237.00000	63.36264	53.79766	93.20151
238.00000	64.48646	54.35237	94.95880
239.00000	61.67103	53.41726	93.16043
240.00000	62.83349	55.70286	91.51398
241.00000	62.71112	53.28105	92.09884
242.00000	62.34065	52.99893	93.25333
243.00000	61.40401	52.51715	93.01460
244.00000	67.53465	54.47552	92.27226
245.00000	64.66552	54.67072	91.31178
246.00000	62.54633	52.31976	92.12560
247.00000	61.46864	53.16455	90.60783
248.00000	61.34127	53.61070	91.55042
249.00000	61.01117	52.47412	91.30813
250.00000	61.08283	52.03495	90.66816
251.00000	63.14448	53.34372	91.83605
252.00000	59.69970	53.54015	90.06765
253.00000	63.00062	51.97546	91.03058
254.00000	61.80633	53.10934	90.06538
255.00000	59.45903	53.31590	90.12022
256.00000	58.64203	53.60218	92.10009
257.00000	61.55609	51.08544	90.06176
258.00000	60.73809	51.49419	89.69623
259.00000	59.96001	52.13951	89.79546
260.00000	60.17141	51.59886	92.75981
261.00000	61.23550	52.10402	89.15136
262.00000	60.20328	53.23936	88.25272
263.00000	60.56043	52.62301	90.41540
264.00000	59.64211	50.63832	88.88543
265.00000	60.00585	51.04876	87.18709
266.00000	59.26054	50.73142	89.23003
267.00000	60.74036	50.88472	90.08642
268.00000	60.90295	51.17146	87.41610
269.00000	60.61176	50.94412	89.90422
270.00000	60.41590	51.85288	87.67169
271.00000	58.99398	51.78304	87.10843
272.00000	57.45230	52.73898	86.56985
273.00000	61.09342	50.95361	87.83398
274.00000	59.36501	51.64361	87.50821
275.00000	57.76495	51.23430	87.19855
276.00000	58.57258	51.12371	87.58906
277.00000	59.75209	51.71465	86.21524
278.00000	59.34264	50.80689	88.10934
279.00000	60.04702	51.76640	85.78910
280.00000	60.48825	52.54920	86.76196
281.00000	59.16328	49.30238	88.13476
282.00000	62.00122	51.05675	86.71404
283.00000	60.30176	52.71776	85.59395
284.00000	58.93122	53.18882	85.33212
285.00000	59.31944	50.11524	85.99014
286.00000	60.64014	49.54314	85.79797
287.00000	60.89094	49.54919	85.98247
288.00000	61.80113	51.74113	84.66084
289.00000	59.32087	50.17748	84.78970
290.00000	60.99025	49.99258	84.55724
291.00000	61.28377	50.57481	85.54906
292.00000	59.67033	49.67436	85.53286
293.00000	61.51760	49.61236	85.65975
294.00000	59.80209	50.17617	83.89951
295.00000	63.45630	48.78977	85.22603
296.00000	60.95771	50.73840	85.63206
297.00000	61.26044	49.61902	84.97910
298.00000	60.55993	49.41375	84.53272
299.00000	60.14618	48.61611	84.36810
300.00000	59.36892	49.39307	83.23888
301.00000	61.32390	49.46943	84.11900
302.00000	58.93126	49.60340	84.50876
303.00000	64.60095	49.57245	83.68446
304.00000	61.62360	48.62390	82.55344
305.00000	61.24865	49.30139	82.39597
306.00000	63.04055	49.50023	84.01653
307.00000	62.92719	48.46483	82.84518
308.00000	62.20202	48.37679	82.24290
309.00000	65.02549	49.08495	82.59093
310.00000	61.19496	48.24451	82.99628
311.00000	61.54785	48.92540	83.50697
312.00000	61.46401	48.36615	82.55406
313.00000	59.72071	49.75374	82.55214
314.00000	60.54376	49.41088	82.38174
315.00000	61.12294	49.40137	82.20206
316.00000	62.22911	48.98144	82.60649
317.00000	61.25404	47.22962	81.80126
318.00000	63.88513	48.98752	81.29365
319.00000	65.76236	48.17984	81.60542
320.00000	72.21030	47.79865	80.64957
321.00000	65.64510	48.34992	81.72414
322.00000	63.94904	49.44738	85.06715
323.00000	61.31194	48.47280	82.89586
324.00000	60.76121	49.25964	81.14797
325.00000	60.33490	48.24552	80.51978
326.00000	62.22912	48.00822	81.19201
327.00000	60.75692	47.88009	81.08495
328.00000	59.92135	47.56922	82.93912
329.00000	61.18056	49.52976	81.92748
330.00000	60.13294	48.90474	80.78836
331.00000	62.90237	50.17155	79.27599
332.00000	58.92423	48.15567	81.36726
333.00000	60.46210	48.62121	80.91604
334.00000	61.67115	48.16364	79.70076
335.00000	65.96102	46.97388	79.65596
336.00000	64.99931	47.38979	81.14388
337.00000	64.67883	48.82511	81.60738
338.00000	66.87533	47.40091	79.53106
339.00000	64.48737	47.12322	80.06179
340.00000	61.16945	48.22078	79.74120
341.00000	61.10692	47.91784	80.67064
342.00000	60.97921	47.74299	78.64413
343.00000	59.34084	48.17601	80.76732
344.00000	59.84126	47.08022	79.96446
345.00000	60.64065	47.77021	78.14811
346.00000	61.14948	47.04141	78.75978
347.00000	60.06189	47.33670	78.49477
348.00000	64.55235	47.36871	78.68827
349.00000	60.54944	47.17503	79.97427
350.00000	59.86940	48.55879	78.90717
351.00000	65.13578	47.54585	77.68094
352.00000	59.43422	47.69591	79.31022
353.00000	57.58654	46.38726	77.95200
354.00000	58.96515	48.01743	78.07716
355.00000	61.09370	47.05037	77.94475
356.00000	60.02483	47.44514	78.28333
357.00000	59.53398	46.44759	77.38673
358.00000	59.80278	45.67217	77.01399
359.00000	57.95036	48.15947	78.60552
360.00000	57.61244	46.89870	78.34822
361.00000	56.95116	45.85020	76.61288
362.00000	57.65875	46.24426	76.65891
363.00000	59.26476	47.24057	76.49797
364.00000	57.48133	46.58198	78.79504
365.00000	59.40590	46.98844	79.09219
366.00000	57.24788	47.01564	78.67293
367.00000	56.96100	45.72570	76.87653
368.00000	58.47361	46.01845	76.14360
369.00000	62.09317	47.75867	76.71755
370.00000	69.18155	47.04655	75.93415
371.00000	58.30589	47.07538	77.06544
372.00000	57.94675	45.66391	77.16205
373.00000	59.83674	46.22273	77.47156
374.00000	59.05900	46.92329	76.24503
375.00000	59.77491	45.28500	76.74976
376.00000	58.77573	46.11437	76.92162
377.00000	59.29893	45.91679	77.07749
378.00000	58.38292	44.98053	77.28902
379.00000	58.27557	44.98683	76.77104
380.00000	56.77835	45.45900	74.85323
381.00000	61.42343	45.32055	75.49590
382.00000	61.12127	46.18816	76.45072
383.00000	60.37357	44.95074	77.36910
384.00000	64.81185	45.44208	74.87141
385.00000	59.30154	45.53292	76.51602
386.00000	59.22469	47.22620	76.58327
387.00000	57.67820	46.21171	76.88093
388.00000	58.18379	45.84518	75.27453
389.00000	57.05549	48.07418	75.57295
390.00000	58.19486	46.54901	75.33113
391.00000	56.12624	45.34098	75.67168
392.00000	59.64887	44.56438	73.35927
393.00000	57.99903	46.98743	74.15755
394.00000	58.12308	44.62461	76.48165
395.00000	59.39148	46.34410	74.41600
396.00000	56.68934	45.87828	75.21278
397.00000	56.51152	46.18975	74.24908
398.00000	56.43471	46.05328	73.82757
399.00000	56.45491	45.96533	76.20003
400.00000	56.61191	44.71884	74.61315
401.00000	55.38475	45.39357	76.94185
402.00000	56.50331	45.79507	73.54708
403.00000	56.64368	45.13583	75.42413
404.00000	56.30269	44.63361	75.12624
405.00000	55.88299	44.41408	73.80450
406.00000	55.61335	45.84011	74.86285
407.00000	57.49849	44.97794	73.41250
408.00000	58.67290	45.68278	73.60911
409.00000	57.38284	45.42969	73.55798
410.00000	57.15726	45.75265	73.66475
411.00000	59.97133	45.33659	73.28490
412.00000	55.15653	46.51004	73.30137
413.00000	57.07893	44.29255	75.14599
414.00000	56.03910	44.62577	73.69087
415.00000	54.26468	43.86002	72.93489
416.00000	57.38981	43.69688	72.88384
417.00000	55.71522	44.31691	74.19555
418.00000	56.03985	44.43591	74.03780
419.00000	56.52480	45.20354	73.29256
420.00000	55.89985	45.93149	72.17487
421.00000	57.14884	46.50540	72.81558
422.00000	56.33735	44.66990	73.21220
423.00000	54.96141	44.21484	72.40959
424.00000	55.94567	43.98979	74.99903
425.00000	55.56515	44.79028	74.21813
426.00000	56.03287	45.30126	71.92365
427.00000	55.33306	43.65668	72.73576
428.00000	55.99856	44.06741	72.22997
429.00000	55.51986	44.11133	72.37036
430.00000	55.14683	45.24152	72.67681
431.00000	56.68359	44.60160	74.28558
432.00000	54.39259	45.59569	71.88494
433.00000	55.84830	45.87512	72.45900
434.00000	55.83924	44.83590	71.96910
435.00000	55.17751	43.77958	72.05624
436.00000	54.73935	43.25391	73.00001
437.00000	55.21301	42.81381	72.65977
438.00000	56.97524	43.40765	73.10754
439.00000	58.66519	44.48212	71.42313
440.00000	55.15044	44.27318	71.48172
441.00000	54.15253	43.93771	72.19389
442.00000	54.79951	44.92625	70.98587
443.00000	55.38171	43.37213	73.13119
444.00000	55.63311	44.84900	71.18496
445.00000	56.25623	45.83071	70.50505
446.00000	53.87318	43.36265	72.01035
447.00000	56.39016	43.19436	72.55860
448.00000	54.96264	43.59656	72.42988
449.00000	54.36762	45.22562	70.73360
450.00000	53.46447	44.70585	71.43982
451.00000	55.70673	44.93559	72.23977
452.00000	55.37857	42.95340	71.72984
453.00000	56.70001	46.27627	70.99135
454.00000	57.33001	43.93540	71.03682
455.00000	55.54596	43.39951	71.88177
456.00000	55.23653	43.35959	71.47749
457.00000	55.28710	42.42660	69.82363
458.00000	54.53247	43.46288	71.53367
459.00000	56.68834	43.52227	72.64537
460.00000	57.51180	43.64217	70.69543
461.00000	58.76865	43.12155	70.37004
462.00000	56.24577	43.42463	70.88850
463.00000	56.24788	43.90126	71.07538
464.00000	55.06404	43.84027	70.79861
465.00000	53.54489	42.71740	70.78137
466.00000	53.56901	42.95840	71.20925
467.00000	53.90203	43.63848	70.49953
468.00000	54.11913	42.76907	69.54887
469.00000	54.07265	43.40937	71.26961
470.00000	55.58142	43.18488	71.16389
471.00000	56.38294	44.17282	70.70119
472.00000	55.64956	43.28017	70.57554
473.00000	57.74807	44.86504	71.01328
474.00000	56.98595	42.25611	70.28831
475.00000	56.38115	42.94280	71.24182
476.00000	55.19716	42.88320	70.14299
477.00000	55.88958	43.39009	69.18400
478.00000	55.54832	41.34824	70.01209
479.00000	56.13359	42.89445	70.70992
480.00000	55.18040	43.96996	69.66434
481.00000	56.52719	42.73053	69.33344
482.00000	55.26893	42.62849	71.70967
483.00000	55.15661	42.36596	69.31979
484.00000	55.49557	44.88614	70.28428
485.00000	59.79305	43.96817	70.05500
486.00000	54.32577	42.98436	68.67099
487.00000	54.33295	42.39382	68.76738
488.00000	54.77870	42.61476	70.43808
489.00000	53.18651	41.76559	70.89954
490.00000	53.21959	42.71207	70.05896
491.00000	54.47886	42.35595	69.19860
492.00000	55.10370	42.59251	69.85088
493.00000	53.52488	42.73917	69.66871
494.00000	53.80508	42.31881	70.53788
495.00000	54.26515	41.83906	68.20020
496.00000	53.91968	43.28786	68.30324
497.00000	55.03838	42.55598	69.18906
498.00000	55.21472	43.40346	68.26622
499.00000	55.78769	41.92746	68.60915
500.00000	56.41263	43.69890	68.73828
501.00000	55.55465	42.10377	70.21470
502.00000	56.15261	41.37207	67.77023
503.00000	59.33187	42.50845	68.47653
504.00000	59.34964	42.48235	69.17172
505.00000	60.34207	42.12570	68.24776
506.00000	63.90137	42.38343	69.08873
507.00000	59.39289	41.79379	68.87791
508.00000	57.45903	42.48983	66.99149
509.00000	54.28195	42.81228	67.47050
510.00000	57.54377	44.04287	69.03138
511.00000	55.11111	41.63831	68.55557
512.00000	56.11448	41.28237	67.61957
513.00000	54.62357	40.95185	67.48026
514.00000	55.44475	40.69314	68.78476
515.00000	54.78921	41.48216	67.91839
516.00000	56.46724	43.03067	68.52636
517.00000	55.63356	43.34701	68.41580
518.00000	60.42883	41.34862	67.27521
519.00000	56.25956	42.32384	67.82150
520.00000	56.81086	41.77394	68.21484
521.00000	54.80090	41.73205	67.97765
522.00000	53.89007	43.00483	68.47022
523.00000	55.16703	42.43787	68.88337
524.00000	55.61898	42.62157	67.68990
525.00000	57.37222	42.01827	68.77946
526.00000	56.36648	40.99115	66.55949
527.00000	56.04008	41.09847	66.81020
528.00000	54.30534	40.73174	68.26255
529.00000	55.87734	44.17690	67.30116
530.00000	55.17478	42.32371	67.08415
531.00000	55.23239	40.93282	68.81609
532.00000	55.85885	41.01853	70.02779
533.00000	54.12276	42.76186	67.99757
534.00000	53.78527	41.39246	66.74279
535.00000	56.10799	41.01140	67.85907
536.00000	56.54193	42.13185	67.56498
537.00000	54.10621	42.29320	67.12757
538.00000	53.97168	41.75723	66.47124
539.00000	57.33224	41.35086	67.22027
540.00000	58.70819	41.43771	67.13467
541.00000	57.99305	41.29070	69.01888
542.00000	59.54820	41.14350	67.39472
543.00000	56.68403	40.44823	66.20766
544.00000	55.59087	41.33450	67.90247
545.00000	53.19162	41.01387	67.45556
546.00000	55.35006	42.50314	66.11810
547.00000	55.75994	41.42501	68.05473
548.00000	55.11309	42.20530	68.86516
549.00000	60.75201	40.80083	67.32899
550.00000	59.48919	41.19326	67.51316
551.00000	57.69876	41.49382	66.11333
552.00000	60.12114	41.69831	65.93939
553.00000	62.47228	42.07277	66.09073
554.00000	59.31179	40.28904	65.55085
555.00000	57.49795	41.40412	66.95105
556.00000	55.80263	40.51737	66.38727
557.00000	58.98209	42.83751	65.88502
558.00000	62.99970	40.61243	66.59586
559.00000	56.45783	40.89058	66.42094
560.00000	57.53278	40.20683	66.05262
561.00000	62.25506	40.50303	67.02662
562.00000	59.60178	40.94047	66.15195
563.00000	57.53391	40.19793	65.09687
564.00000	57.09847	41.87512	66.38777
565.00000	56.43604	40.63580	65.50413
566.00000	57.12954	40.71327	66.02325
567.00000	60.04429	41.02153	66.63673
568.00000	59.61805	41.96970	67.21127
569.00000	60.48388	39.85554	67.75288
570.00000	57.58173	41.34006	65.80885
571.00000	56.19648	42.38885	66.69917
572.00000	57.95002	41.24361	65.27859
573.00000	58.95541	39.60221	66.05708
574.00000	62.46189	40.15853	65.20670
575.00000	61.50959	40.49007	65.49913
576.00000	58.02635	41.11844	65.97210
577.00000	56.48011	41.57036	67.25768
578.00000	55.58045	44.90749	65.75864
579.00000	59.22238	42.06916	67.45486
580.00000	56.83096	43.07264	64.93200
581.00000	59.13865	41.76109	64.65059
582.00000	55.11817	40.13118	65.72183
583.00000	55.95289	40.49508	65.24416
584.00000	84.50036	41.10165	65.14769
585.00000	83.76359	39.60310	67.89423
586.00000	76.54501	39.85144	65.57198
587.00000	73.80743	39.22107	67.12104
588.00000	70.75351	41.99578	65.82366
589.00000	68.18591	40.38162	65.07042
590.00000	66.84837	42.03937	64.78822
591.00000	64.93839	40.90218	64.89874
592.00000	64.08895	39.63509	65.14368
593.00000	64.45983	40.21612	65.26891
594.00000	62.48312	42.26013	67.13081
595.00000	63.35993	39.86520	65.11282
596.00000	64.78281	39.64699	64.04258
597.00000	65.66395	40.34465	65.95267
598.00000	64.59176	39.80639	64.69018
599.00000	65.46360	39.41431	64.56580
600.00000	63.12227	40.28789	64.79578
601.00000	58.69455	39.88498	65.13229
602.00000	57.81451	40.64938	65.46297
603.00000	60.21215	39.44978	64.56754
604.00000	61.47218	41.49446	66.53421
605.00000	59.13402	40.06236	64.12258
606.00000	59.43061	40.56723	65.44562
607.00000	58.79608	40.04910	64.67126
608.00000	60.14843	40.34657	65.15324
609.00000	58.35011	39.75691	64.17883
610.00000	57.45219	39.79188	64.62678
611.00000	56.07087	39.70673	66.33993
612.00000	57.24780	39.91625	64.37320
613.00000	57.16168	39.61251	65.71024
614.00000	57.42730	40.68402	64.63493
615.00000	59.14223	39.80494	66.19363
616.00000	61.87385	39.83471	64.73500
617.00000	59.54527	40.65413	64.31123
618.00000	61.12579	41.15704	64.16225
619.00000	60.54361	39.96762	63.64260
620.00000	58.21809	40.60462	64.94958
621.00000	57.72371	38.83502	63.56779
622.00000	61.81668	39.19040	64.91763
623.00000	59.14626	41.04974	63.55038
624.00000	57.15282	38.69466	64.22740
625.00000	56.15203	38.72171	65.36189
626.00000	57.19957	39.62760	64.73161
627.00000	58.30043	39.64299	64.99239
628.00000	58.21279	39.13338	64.22945
629.00000	57.89403	39.92621	64.61462
630.00000	57.26886	40.06895	64.43327
631.00000	54.89935	40.14180	64.08691
632.00000	55.80297	39.25309	63.64271
633.00000	55.23075	38.92823	63.95520
634.00000	54.34982	40.09382	63.83492
635.00000	57.01284	40.89455	63.70202
636.00000	58.25051	38.63855	63.85123
637.00000	55.68359	38.97232	64.85683
638.00000	86.28263	39.33723	63.55799
639.00000	76.59983	39.41303	64.40633
640.00000	65.78773	41.15218	63.64427
641.00000	58.37095	38.72262	64.30308
642.00000	56.66134	40.74656	64.17351
643.00000	62.23106	38.42215	62.76255
644.00000	58.59282	38.43679	64.74708
645.00000	55.67318	38.68775	65.81635
646.00000	55.69345	38.97765	63.42978
647.00000	55.08907	40.09045	63.75848
648.00000	55.20091	39.58673	63.07776
649.00000	54.42988	39.17355	63.30988
650.00000	55.71031	38.79434	62.79047
651.00000	56.65876	39.32428	64.01360
652.00000	55.57537	40.19917	65.12050
653.00000	55.17248	39.15239	64.41335
654.00000	54.91368	38.38027	62.79984
655.00000	54.24413	39.66938	63.85896
656.00000	55.93454	38.49131	62.72718
657.00000	55.41575	39.21952	62.79205
658.00000	56.13639	39.55692	63.38038
659.00000	55.87071	38.67804	63.78592
660.00000	54.74034	39.11131	62.50722
661.00000	55.16287	39.31199	64.10252
662.00000	55.39715	38.49693	64.87456
663.00000	53.72309	38.70583	63.39683
664.00000	53.75521	38.87584	63.47672
665.00000	53.77381	39.43739	66.47852
666.00000	54.07231	38.27225	62.74746
667.00000	52.10879	39.27655	63.57530
668.00000	53.48927	39.98515	63.80328
669.00000	52.63288	39.10223	63.35553
670.00000	53.30568	38.84330	62.70257
671.00000	53.63848	38.45506	63.19687
672.00000	53.48020	39.66403	63.70255
673.00000	53.41087	39.27702	64.37457
674.00000	56.90209	40.03213	62.98684
675.00000	67.62640	39.07495	62.85056
676.00000	59.63701	39.34269	63.07594
677.00000	53.85885	40.18012	62.69434
678.00000	55.18832	39.04812	62.08801
679.00000	53.26752	38.50842	63.19072
680.00000	53.76702	38.51158	63.78789
681.00000	53.72362	39.04952	63.08941
682.00000	52.59403	39.42070	64.88770
683.00000	53.56893	38.81008	62.65683
684.00000	52.64959	38.11485	62.03098
685.00000	52.53333	39.45503	62.25198
686.00000	52.21318	39.34214	63.23948
687.00000	52.16354	37.93297	62.10405
688.00000	51.71121	37.68418	62.09640
689.00000	52.47887	41.27012	62.45234
690.00000	52.81002	40.92979	62.12869
691.00000	51.52711	39.27764	62.19125
692.00000	52.20997	39.51472	65.07858
693.00000	54.13546	40.60427	63.19091
694.00000	55.29398	38.59097	61.79186
695.00000	59.11548	38.17266	62.70266
696.00000	53.01881	40.85557	63.02487
697.00000	52.43890	38.10345	62.05423
698.00000	52.04664	38.58387	62.17675
699.00000	51.85531	37.76227	61.98669
700.00000	52.24232	37.63993	62.65302
701.00000	50.96217	38.09197	61.70758
702.00000	51.27593	37.86865	62.49300
703.00000	51.15824	39.56417	61.93066
704.00000	54.66765	37.55599	62.92183
705.00000	52.90353	38.09446	62.52695
706.00000	55.96564	38.12682	62.22231
707.00000	53.43810	38.60538	63.29488
708.00000	54.83904	38.46913	62.37303
709.00000	52.27027	38.18304	61.19289
710.00000	51.94360	38.08202	63.41630
711.00000	55.29890	37.44788	63.17153
712.00000	60.30937	37.74754	61.43563
713.00000	54.65479	38.08445	62.52778
714.00000	52.98366	38.57042	62.03412
715.00000	54.32552	39.16904	61.57767
716.00000	53.42121	38.93088	62.33812
717.00000	53.35384	38.44175	61.43078
718.00000	55.07837	38.34521	61.87809
719.00000	53.38272	38.52460	62.00401
720.00000	52.39898	38.93333	61.58379
721.00000	52.00359	37.84823	62.85532
722.00000	52.79146	38.41701	63.06989
723.00000	53.42658	37.32290	61.17643
724.00000	50.74110	38.08812	61.49570
725.00000	51.97469	38.24488	62.85228
726.00000	51.71664	38.14916	61.08647
727.00000	50.66523	37.93651	62.13747
728.00000	50.21377	37.36356	61.49815
729.00000	51.19799	38.58873	62.73042
730.00000	50.13845	37.70070	61.86779
731.00000	49.83666	38.35809	62.84209
732.00000	50.86880	38.07637	62.60727
733.00000	50.32011	37.92892	61.98899
734.00000	51.44305	38.69819	60.97153
735.00000	52.64891	38.14796	61.88748
736.00000	50.54539	37.26139	61.48993
737.00000	52.45258	37.80474	61.41172
738.00000	55.63272	37.69992	61.33957
739.00000	57.21689	38.24430	62.48612
740.00000	55.03666	38.27787	62.15852
741.00000	65.35627	37.52440	61.45689
742.00000	55.03732	38.17356	61.49109
743.00000	51.90117	37.50847	60.63503
744.00000	52.14985	38.59047	61.90849
745.00000	53.73807	37.71818	61.32175
746.00000	52.59561	36.86610	63.28676
747.00000	52.99306	38.19365	62.79841
748.00000	53.33859	38.15780	62.43512
749.00000	51.94905	37.87442	61.81454
750.00000	54.30841	38.35163	62.85616
751.00000	54.28360	38.11584	61.24653
752.00000	53.47400	37.83157	60.72596
753.00000	53.12920	36.10371	62.14045
754.00000	51.39140	37.31453	61.31795
755.00000	55.17641	37.20290	60.76138
756.00000	53.37303	36.77862	62.26757
757.00000	49.92022	37.48688	61.71000
758.00000	53.76217	37.36614	59.85465
759.00000	52.11608	39.40721	60.91853
760.00000	50.54736	38.78811	61.90105
761.00000	51.52049	38.61071	61.26348
762.00000	52.07236	38.49149	60.79176
763.00000	52.81868	37.31414	60.70145
764.00000	51.01787	37.48146	61.27453
765.00000	50.10918	38.69405	60.22350
766.00000	50.65025	38.49869	61.18637
767.00000	50.07196	39.03894	60.17973
768.00000	50.32008	37.54280	61.65797
769.00000	49.48022	36.34972	60.96621
770.00000	51.01942	37.08356	60.59921
771.00000	51.72099	36.18058	61.67852
772.00000	50.11747	36.25960	60.61224
773.00000	49.71375	36.99905	60.01310
774.00000	51.26283	37.71458	61.15958
775.00000	50.93380	37.18170	60.94325
776.00000	52.65401	37.82630	60.93024
777.00000	49.41535	37.14597	61.85274
778.00000	50.23864	37.31534	60.95272
779.00000	49.36939	37.03663	60.32296
780.00000	51.70764	38.46814	60.30131
781.00000	54.80803	37.42194	60.84135
782.00000	51.18277	37.29475	60.47767
783.00000	49.59021	37.65322	60.74310
784.00000	49.33983	36.57900	62.68662
785.00000	49.25544	37.61608	60.49978
786.00000	58.05457	37.27169	60.08802
787.00000	52.30469	36.74939	60.73925
788.00000	54.67511	39.86952	60.92530
789.00000	52.77013	38.86852	63.58647
790.00000	51.18840	37.42172	59.47200
791.00000	51.63863	38.04650	60.68879
792.00000	50.50589	37.66469	60.41634
793.00000	54.05748	36.54112	59.93151
794.00000	51.24885	36.16326	59.27613
795.00000	48.85878	36.57993	60.07449
796.00000	49.53096	38.08300	61.34783
797.00000	50.29920	37.00669	59.90984
798.00000	49.76940	36.27339	61.45558
799.00000	50.96578	36.64893	59.72635
800.00000	50.97380	37.38480	59.78538
801.00000	50.64514	38.17624	60.03231
802.00000	49.95308	37.64649	63.30106
803.00000	48.76094	37.44014	60.23487
804.00000	48.90584	36.57468	60.39980
805.00000	48.84132	37.24369	60.28405
806.00000	51.34835	38.13102	60.62941
807.00000	51.68798	37.76639	61.54454
808.00000	49.47998	36.31547	59.36178
809.00000	50.74577	36.61044	61.03760
810.00000	50.41459	37.85057	59.66641
811.00000	50.13481	37.06536	59.74203
812.00000	49.63383	37.32256	60.88916
813.00000	49.22495	36.96455	59.95716
814.00000	50.97761	36.19970	59.58795
815.00000	51.15002	36.61174	59.90245
816.00000	49.61717	35.95580	59.86092
817.00000	52.20494	36.77773	60.35355
818.00000	49.82011	36.25991	60.18967
819.00000	49.12091	37.22544	60.12350
820.00000	50.06580	36.34842	59.49279
821.00000	48.86804	36.88419	59.82408
822.00000	48.92046	37.16877	59.82333
823.00000	48.80069	37.02324	61.14670
824.00000	48.60985	37.47099	59.08944
825.00000	49.34796	36.95141	60.37127
826.00000	49.03464	37.09515	60.07022
827.00000	49.16286	36.62192	58.87155
828.00000	54.75987	36.11202	60.89890
829.00000	50.18890	36.58544	60.54545
830.00000	48.82259	35.94212	58.85030
831.00000	50.49572	35.98301	59.04245
832.00000	49.29668	36.42176	59.64334
833.00000	49.92627	37.16833	59.20115
834.00000	49.30197	36.44199	59.44129
835.00000	48.25959	36.86828	59.58688
836.00000	48.80938	37.70280	59.41486
837.00000	49.32655	37.28711	59.25634
838.00000	51.21967	36.55976	59.17364
839.00000	52.65671	35.37116	59.78676
840.00000	51.61492	36.14001	60.47757
841.00000	53.47781	36.89712	59.25719
842.00000	51.28286	36.48206	59.82763
843.00000	49.80999	36.62894	60.74603
844.00000	48.23370	35.62490	59.61754
845.00000	48.14550	35.93628	59.80019
846.00000	49.73204	38.29000	59.47040
847.00000	50.64106	37.99000	59.30982
848.00000	49.80092	37.42873	60.25207
849.00000	49.52303	37.55914	57.95577
850.00000	47.76029	35.76325	59.13145
851.00000	48.38552	35.81982	59.68106
852.00000	48.57468	36.20331	59.26557
853.00000	47.68812	38.30949	59.48621
854.00000	48.73029	36.87345	59.57642
855.00000	51.55672	36.44775	58.13687
856.00000	51.49367	35.56974	59.56779
857.00000	50.39176	36.11943	58.59813
858.00000	49.91727	35.93135	58.86809
859.00000	49.46476	35.59901	60.22155
860.00000	48.98306	35.50768	59.36499
861.00000	47.64262	36.83505	58.47560
862.00000	49.47964	35.89076	59.07235
863.00000	48.05624	36.73626	59.69376
864.00000	48.74508	36.44771	59.25329
865.00000	49.81990	35.77391	59.05449
866.00000	48.65392	35.85646	58.64427
867.00000	50.75117	35.63669	60.16702
868.00000	51.61054	35.81086	58.34635
869.00000	50.18329	36.52137	59.29268
870.00000	48.73888	36.45253	58.68907
871.00000	49.05518	36.15619	59.14662
872.00000	48.23383	36.11406	59.50427
873.00000	47.78374	35.60905	59.20295
874.00000	49.57690	35.83076	58.63510
875.00000	49.86127	38.44319	57.95798
876.00000	49.32137	37.12533	59.61791
877.00000	47.63774	36.28278	58.52934
878.00000	50.52897	35.53170	57.23673
879.00000	48.82174	36.01096	57.93118
880.00000	48.64542	35.35109	59.20454
881.00000	47.39807	36.74284	58.14146
882.00000	48.38047	36.27735	58.56961
883.00000	49.27757	36.02031	59.16123
884.00000	48.57994	35.44696	58.99504
885.00000	47.64612	36.17971	57.76034
886.00000	49.08680	35.17782	59.12860
887.00000	48.50810	35.86884	59.23242
888.00000	47.40362	35.67973	59.73562
889.00000	48.41192	36.18397	58.57276
890.00000	48.22811	36.44410	57.57001
891.00000	48.74175	36.18028	58.43256
892.00000	48.29755	35.92739	61.22036
893.00000	48.18239	36.63638	58.90066
894.00000	48.84602	37.94604	59.01738
895.00000	49.25932	36.30614	58.72712
896.00000	51.59180	35.41761	59.62669
897.00000	50.50431	35.47881	58.11578
898.00000	51.73695	35.99090	59.02350
899.00000	50.67975	35.52961	57.30433
900.00000	49.68329	35.07922	58.27829
901.00000	48.99866	36.43334	58.40147
902.00000	50.52939	36.52229	58.61057
903.00000	50.02664	37.02969	59.03871
904.00000	51.52985	34.86182	60.80006
905.00000	50.55325	36.05811	58.28725
906.00000	54.72542	36.11409	57.37633
907.00000	50.60518	34.99051	58.63208
908.00000	50.70408	35.96220	57.64555
909.00000	50.98991	35.42894	58.34682
910.00000	49.38734	35.56758	58.44128
911.00000	48.59153	35.03008	57.76480
912.00000	48.12148	35.35476	58.14836
913.00000	47.39642	35.32748	58.73582
914.00000	48.21729	34.30642	59.10393
915.00000	54.50052	35.45174	58.45649
916.00000	48.00531	35.55287	58.52935
917.00000	48.69854	35.20273	57.82090
918.00000	47.67710	36.34459	58.56590
919.00000	48.21351	35.74746	57.92946
920.00000	48.78907	36.40625	58.36088
921.00000	48.96410	36.57381	58.37083
922.00000	48.17844	37.57306	57.72690
923.00000	48.28466	35.21134	59.16237
924.00000	48.59493	34.83204	58.34763
925.00000	46.56019	35.13357	58.82158
926.00000	50.10415	37.44330	59.04219
927.00000	46.96180	34.68950	58.37099
928.00000	52.85939	36.35941	58.30343
929.00000	51.15350	35.54338	58.04512
930.00000	51.70301	35.61580	58.27322
931.00000	50.84542	36.58980	58.79741
932.00000	51.23747	37.01576	58.33801
933.00000	51.16200	35.69645	58.75786
934.00000	49.06090	34.90091	57.69680
935.00000	52.99710	35.32873	58.18173
936.00000	48.62415	35.86703	57.16328
937.00000	49.63502	34.55658	58.37837
938.00000	49.76957	35.73937	58.57338
939.00000	49.65009	35.22465	56.94304
940.00000	51.13065	35.59525	57.67126
941.00000	49.14663	34.54180	57.00563
942.00000	48.68896	35.03228	57.45893
943.00000	46.97577	35.51487	58.41666
944.00000	48.66837	34.87971	57.39870
945.00000	49.05517	35.85925	57.61939
946.00000	47.68600	36.39869	57.81253
947.00000	48.07293	34.92966	58.77206
948.00000	45.82838	34.89277	57.09591
949.00000	46.36334	35.27713	58.45948
950.00000	48.31101	35.53024	59.78711
951.00000	48.31510	35.29594	56.85582
952.00000	46.76649	35.16802	58.19442
953.00000	47.96471	36.10449	57.40203
954.00000	47.30292	35.24592	56.74924
955.00000	48.45269	36.23053	58.14242
956.00000	48.21937	35.98360	59.12997
957.00000	47.97816	34.97104	58.08691
958.00000	46.44667	35.47652	57.04597
959.00000	47.27318	35.55164	57.62785
960.00000	46.94392	35.53334	57.09720
961.00000	47.27116	35.39343	57.73112
962.00000	46.69101	33.91778	57.35753
963.00000	45.20559	34.55101	57.50988
964.00000	47.46202	34.51505	58.10353
965.00000	47.13513	35.12388	57.46304
966.00000	47.03594	34.60590	58.50756
967.00000	48.29008	35.58686	58.12418
968.00000	47.18622	35.35509	58.38837
969.00000	46.94259	35.24028	57.21029
970.00000	47.51709	35.02176	57.48643
971.00000	47.04590	35.00649	56.72470
972.00000	47.70297	34.80667	56.83176
973.00000	46.37574	34.74482	57.88435
974.00000	48.04099	35.12630	58.19918
975.00000	47.19821	35.65851	57.07902
976.00000	47.23850	37.16765	57.44748
977.00000	46.45763	37.19327	56.65051
978.00000	46.39217	34.63714	57.14731
979.00000	49.34614	34.23145	57.53962
980.00000	47.78022	34.71478	57.56798
981.00000	49.53489	35.80870	57.50029
982.00000	49.12149	34.76118	58.63746
983.00000	47.32759	35.07988	57.86197
984.00000	47.30341	34.06574	56.19879
985.00000	48.29525	36.84344	57.69705
986.00000	48.40334	34.45526	57.41259
987.00000	48.41962	35.46475	57.35973
988.00000	46.71981	34.55801	57.60426
989.00000	46.85819	34.46213	56.77151
990.00000	49.98319	35.16505	56.90621
991.00000	50.37188	34.34155	56.90403
992.00000	47.35239	34.03214	57.57043
993.00000	48.84170	36.52857	57.27942
994.00000	51.71105	35.00135	57.51544
995.00000	46.94722	34.14406	57.76193
996.00000	47.33382	34.94250	56.95362
997.00000	48.69999	34.65880	56.90289
998.00000	48.73642	37.28603	56.72049
999.00000	50.19679	37.05514	56.00505
